function [A_formation] = getFormationGraph(numAgents,currentSubmission,currentWaypoint)
%GETFORMATIONGRAPH Produces a formation graph from the specification graph
% Use whatever criteria to select the edges you might want to enforce to
% meet the formation specification. A_formation should be a square
% adjacency matrix whose nonzero entries encode desired edge distances.
A_formation = zeros(numAgents);
switch currentSubmission
    case 'init'
        switch currentWaypoint
            case 1
                %{
                A_formation = 0.22*[0 2 3 1 1 2; 
                                   2 0 1 1 3 4;
                                   3 1 0 2 4 5;
                                   1 1 2 0 2 3;
                                   1 3 4 2 0 1;
                                   2 4 5 3 1 0];
                %}
                
                A_formation = 0.24*[0 2 3 0 0 2; 
                                   2 0 0 1 3 4;
                                   3 0 0 2 4 5;
                                   0 1 2 0 2 3;
                                   0 3 4 2 0 0;
                                   2 4 5 3 0 0];
                               
               
                %}
               %A_formation = 0.5*[0    0.5937    1.0284    1.1875    1.0284    0.5938;
                %                0.5937         0    0.5937    1.0284    1.1875    1.0284;
                %                1.0284    0.5937         0    0.5938    1.0284    1.1875;
                %                1.1875    1.0284    0.5938         0    0.5938    1.0284;
                %                1.0284    1.1875    1.0284    0.5938         0    0.5937;
                %                0.5938    1.0284    1.1875    1.0284    0.5937         0];

                
                % Define A_formation as desired
            case 2
                %{
                A_formation = 0.35*[0    0.5937    1.0284    1.1875    1.0284    0.5938;
                                0.5937         0    0.5937    1.0284    1.1875    1.0284;
                                1.0284    0.5937         0    0.5938    1.0284    1.1875;
                                1.1875    1.0284    0.5938         0    0.5938    1.0284;
                                1.0284    1.1875    1.0284    0.5938         0    0.5937;
                                0.5938    1.0284    1.1875    1.0284    0.5937         0];
                %}
                %{
                A_formation = 0.22*[0 2 3 1 1 2; 
                                   2 0 1 1 3 4;
                                   3 1 0 2 4 5;
                                   1 1 2 0 2 3;
                                   1 3 4 2 0 1;
                                   2 4 5 3 1 0];
                %}
                A_formation = 0.24*[0 2 3 0 0 2; 
                                   2 0 0 1 3 4;
                                   3 0 0 2 4 5;
                                   0 1 2 0 2 3;
                                   0 3 4 2 0 0;
                                   2 4 5 3 0 0];
                % Define A_formation as desired
            case 3
                %{
                A_formation = 0.22*[0 2 3 1 1 2; 
                                   2 0 1 1 3 4;
                                   3 1 0 2 4 5;
                                   1 1 2 0 2 3;
                                   1 3 4 2 0 1;
                                   2 4 5 3 1 0];
                %}
                A_formation = 0.24*[0 2 3 0 0 2; 
                                   2 0 0 1 3 4;
                                   3 0 0 2 4 5;
                                   0 1 2 0 2 3;
                                   0 3 4 2 0 0;
                                   2 4 5 3 0 0];        
                % Define A_formation as desired
            case 4
                %{
                A_formation = 0.22*[0 2 3 1 1 2; 
                                   2 0 1 1 3 4;
                                   3 1 0 2 4 5;
                                   1 1 2 0 2 3;
                                   1 3 4 2 0 1;
                                   2 4 5 3 1 0];
                %}
                %{
                A_formation = 0.24*[0 2 3 0 0 2; 
                                   2 0 0 1 3 4;
                                   3 0 0 2 4 5;
                                   0 1 2 0 2 3;
                                   0 3 4 2 0 0;
                                   2 4 5 3 0 0];
                %}
                %{

                A_formation = 0.22*[0 2 3 1 1 2; 
                                   2 0 1 1 3 4;
                                   3 0 0 2 4 5;
                                   1 1 2 0 2 3;
                                   1 3 4 2 0 1;
                                   2 4 5 3 1 0];
                %}
                A_formation = 0.22*[0 2 3 0 0 2; 
                                   2 0 0 1 3 4;
                                   3 0 0 2 4 5;
                                   0 1 2 0 2 3;
                                   0 3 4 2 0 0;
                                   2 4 5 3 0 0];
                % Define A_formation as desired
            case 5
        
                
                %{
                A_formation = 0.5*[0    0.5937    1.0284    1.1875    1.0284    0.5938;
                                0.5937         0    0.5937    1.0284    1.1875    1.0284;
                                1.0284    0.5937         0    0.5938    1.0284    1.1875;
                                1.1875    1.0284    0.5938         0    0.5938    1.0284;
                                1.0284    1.1875    1.0284    0.5938         0    0.5937;
                                0.5938    1.0284    1.1875    1.0284    0.5937         0];
                %}
                %{
                A_formation = 0.2*[0 2 3 0 0 2; 
                                   2 0 0 1 3 0;
                                   3 0 0 2 0 0;
                                   0 1 2 0 2 3;
                                   0 3 0 2 0 0;
                                   2 0 0 3 0 0];
                %}
                
                A_formation = 0.5*[0    0.5937    1.0284    1.1875    1.0284    0.5938;
                                0.5937         0    0.5937    1.0284    1.1875    1.0284;
                                1.0284    0.5937         0    0.5938    1.0284    1.1875;
                                1.1875    1.0284    0.5938         0    0.5938    1.0284;
                                1.0284    1.1875    1.0284    0.5938         0    0.5937;
                                0.5938    1.0284    1.1875    1.0284    0.5937         0];
                
                %{
                A_formation = 0.2*[0 2 3 0 0 4; 
                                   2 0 0 1 3 4;
                                   3 0 0 3 4 5;
                                   0 1 3 0 2 4;
                                   0 3 4 2 0 0;
                                   4 4 5 4 0 0];
                %}
                %{
                A_formation = 0.2*[0 2 3 0 0 4; 
                                   2 0 0 1 3 4;
                                   3 0 0 4 4 0;
                                   0 1 4 0 2 4;
                                   0 3 4 2 0 0;
                                   4 4 0 4 0 0];
                 %}        
                %{
                -- not completely working
                A_formation = 0.18*[0 2 3 0 0 2; 
                                   2 0 0 1 3 2;
                                   3 0 0 2 4 2;
                                   0 1 2 0 2 3;
                                   0 3 4 2 0 0;
                                   2 2 2 3 0 0];
                %}
                %{
                 A_formation = 0.24*[0 1 1 0 0 1; 
                                   1 0 0 2 2 2;
                                   1 0 0 1 1 1;
                                   0 1 1 0 1 1;
                                   0 1 1 1 0 0;
                                   1 1 1 1 0 0];
                %}
                % Define A_formation as desired               
        end
    case 'room'
        
        A_formation = 0.7*[0    0.5937    1.0284    1.1875    1.0284    0.5938;
                                0.5937         0    0.5937    1.0284    1.1875    1.0284;
                                1.0284    0.5937         0    0.5938    1.0284    1.1875;
                                1.1875    1.0284    0.5938         0    0.5938    1.0284;
                                1.0284    1.1875    1.0284    0.5938         0    0.5937;
                                0.5938    1.0284    1.1875    1.0284    0.5937         0];
        
       %{
       A_formation =           0.7*[0    0.5937    0    1.1875    1.0284    0.5938;
                                0.5937         0    0.5937    1.0284    0    0;
                                0    0.5937         0    0.5938    0    1.1875;
                                1.1875    1.0284    0.5938         0    0.5938    0;
                                1.0284    0    0    0.5938         0    0.5937;
                                0.5938    0    1.1875    0    0.5937         0];
      
        %}  
        %{
        A_formation = 0.8*[0 2 3 1 1 2; 
                                   2 0 1 1 3 4;
                                   3 1 0 2 4 5;
                                   1 1 2 0 2 3;
                                   1 3 4 2 0 1;
                                   2 4 5 3 1 0];
        %}
        % Define A_formation as desired
    case 'return'
        switch currentWaypoint
            case 6
                A_formation = 0.24*[0 2 3 0 0 2; 
                                   2 0 0 0 3 4;
                                   3 0 0 2 4 5;
                                   0 0 2 0 2 3;
                                   0 3 4 2 0 0;
                                   2 4 5 3 0 0];
                
                % Define A_formation as desired
            case 7
                A_formation = 0.24*[0 2 3 0 0 2; 
                                   2 0 0 1 3 4;
                                   3 0 0 2 4 5;
                                   0 1 2 0 2 3;
                                   0 3 4 2 0 0;
                                   2 4 5 3 0 0];
                
                % Define A_formation as desired
            case 8
                A_formation = 0.24*[0 2 3 0 0 2; 
                                   2 0 0 1 3 4;
                                   3 0 0 2 4 5;
                                   0 1 2 0 2 3;
                                   0 3 4 2 0 0;
                                   2 4 5 3 0 0];
                
                % Define A_formation as desired
            case 9
                A_formation = 0.24*[0 2 3 0 0 2; 
                                   2 0 0 1 3 4;
                                   3 0 0 2 4 5;
                                   0 1 2 0 2 3;
                                   0 3 4 2 0 0;
                                   2 4 5 3 0 0];
                
                % Define A_formation as desired
            case 10
                %{
                A_formation = 0.6*[0    0.5937    1.0284    1.1875    1.0284    0.5938;
                                0.5937         0    0.5937    1.0284    1.1875    1.0284;
                                1.0284    0.5937         0    0.5938    1.0284    1.1875;
                                1.1875    1.0284    0.5938         0    0.5938    1.0284;
                                1.0284    1.1875    1.0284    0.5938         0    0.5937;
                                0.5938    1.0284    1.1875    1.0284    0.5937         0];
                %}
                A_formation = 0.6*[0    0.5937    0    1.1875    1.0284    0.5938;
                                0.5937         0    0.5937    1.0284    0    0;
                                0    0.5937         0    0.5938    0    0;
                                1.1875    1.0284    0.5938         0    0.5938    0;
                                1.0284    0    0    0.5938         0    0.5937;
                                0.5938    0    0    0    0.5937         0];
                % Define A_formation as desired               
        end
    case 'refuel'
        
        A_formation =        [0    0.5937    1.0284    1.1875    1.0284    0.5938;
                                0.5937         0    0.5937    1.0284    1.1875    1.0284;
                                1.0284    0.5937         0    0.5938    1.0284    1.1875;
                                1.1875    1.0284    0.5938         0    0.5938    1.0284;
                                1.0284    1.1875    1.0284    0.5938         0    0.5937;
                                0.5938    1.0284    1.1875    1.0284    0.5937         0];
                            
        
        %{
        A_formation =           [0    0.5937    0    1.1875    1.0284    0.5938;
                                0.5937         0    0.5937    1.0284    0    0;
                                0    0.5937         0    0.5938    0    1.1875;
                                1.1875    1.0284    0.5938         0    0.5938    0;
                                1.0284    0    0    0.5938         0    0.5937;
                                0.5938    0    1.1875    0    0.5937         0];
        %}
        %{
        A_formation = 0.22*[0 2 3 1 1 2; 
                                   2 0 1 1 3 4;
                                   3 1 0 2 4 5;
                                   1 1 2 0 2 3;
                                   1 3 4 2 0 1;
                                   2 4 5 3 1 0];
        %}
        % Define A_formation as desired
end